[gd_scene format=3 uid="uid://bjq4pqjba4d07"]

[ext_resource type="PackedScene" uid="uid://b13q7nyhqaqx7" path="res://scenes/Enemy/enemy.tscn" id="1_vubfu"]
[ext_resource type="PackedScene" uid="uid://dfrs85p5yyxcf" path="res://scenes/character/skeleton_warrior_rig.tscn" id="2_1yqvf"]
[ext_resource type="Script" uid="uid://c2vme8kglithn" path="res://scripts/enemy/skeleton_warrior.gd" id="2_x70ru"]
[ext_resource type="PackedScene" uid="uid://cso85aarnwt3x" path="res://scenes/components/melee_component.tscn" id="4_x70ru"]

[sub_resource type="CapsuleShape3D" id="CapsuleShape3D_vubfu"]
height = 2.2

[node name="SkeletonWarrior" unique_id=1630115397 instance=ExtResource("1_vubfu")]
script = ExtResource("2_x70ru")

[node name="CollisionShape3D" parent="." index="0" unique_id=1069391764]
transform = Transform3D(1, 0, 0, 0, 1, 0, 0, 0, 1, 0, 1.1, 0)
shape = SubResource("CapsuleShape3D_vubfu")

[node name="CharacterContext" parent="." index="1" unique_id=44747306 node_paths=PackedStringArray("rig")]
rig = NodePath("../RigYawPivot/Skeleton_Warrior_Rig")

[node name="Skeleton_Warrior_Rig" parent="RigYawPivot" parent_id_path=PackedInt32Array(2124500958) index="0" unique_id=1042127525 instance=ExtResource("2_1yqvf")]

[node name="GeneralSkeleton" parent="RigYawPivot/Skeleton_Warrior_Rig/Rig_Medium" parent_id_path=PackedInt32Array(1042127525, 467514969) index="0" unique_id=1625854722]
bones/1/position = Vector3(0, 0.3915296, 0)
bones/1/rotation = Quaternion(0.0003671986, 0.04315775, 1.5864909e-05, 0.99906826)
bones/2/rotation = Quaternion(0.00067697564, 2.0570954e-09, 5.8597474e-05, 0.99999976)
bones/3/rotation = Quaternion(0.0044104545, 6.4099885e-09, 0.0003817591, 0.9999903)
bones/4/rotation = Quaternion(-0.5608352, 0.046295956, 0.73658204, 0.37519002)
bones/5/rotation = Quaternion(1.0526875e-08, 5.3584248e-08, 0.37720472, 0.92613)
bones/7/rotation = Quaternion(-0.21232921, 0.3838719, -0.13980244, 0.8877016)
bones/8/rotation = Quaternion(0.00013378181, -0.00013379117, 0.7066156, 0.70759755)
bones/9/rotation = Quaternion(-0.5338451, -0.11623138, -0.77141666, 0.3262146)
bones/10/rotation = Quaternion(5.754497e-09, -6.712129e-08, -0.35938072, 0.9331911)
bones/12/rotation = Quaternion(-0.22200355, -0.34565777, 0.18422505, 0.89291453)
bones/13/rotation = Quaternion(0.00013378181, 0.00013379117, -0.7066156, 0.70759755)
bones/14/rotation = Quaternion(-0.0046605323, -0.03134141, -0.0002565698, 0.9994979)
bones/15/rotation = Quaternion(0.9972553, -0.029516077, 0.03150864, 0.060149834)
bones/16/rotation = Quaternion(0.27657026, -6.7046805e-08, 1.9514074e-07, 0.96099377)
bones/17/rotation = Quaternion(-0.56044036, 0.114496596, -0.008844018, 0.82019436)
bones/19/rotation = Quaternion(0.9922564, 0.058120422, 0.070470944, 0.08416146)
bones/20/rotation = Quaternion(0.26551726, 6.5105134e-08, -1.8341156e-07, 0.9641061)
bones/21/rotation = Quaternion(-0.5315801, -0.11430008, 0.042045362, 0.83820665)
bones/22/rotation = Quaternion(1.2174654e-05, 0.9202552, -0.3913187, -2.6900072e-06)

[node name="head" parent="RigYawPivot/Skeleton_Warrior_Rig/Rig_Medium/GeneralSkeleton" index="0" unique_id=1185571194]
transform = Transform3D(0.99972045, -1.3969839e-09, 0.023646608, 3.8138707e-05, 0.99999857, -0.0016123531, -0.023646563, 0.001612802, 0.9997191, -4.265365e-09, 1.2272747, 0.00386911)

[node name="RightHandSlot" parent="RigYawPivot/Skeleton_Warrior_Rig/Rig_Medium/GeneralSkeleton" index="10" unique_id=2012212772]
transform = Transform3D(0.00017139441, -0.26239106, -0.96496177, -0.999998, -0.0012283309, 0.00015745047, -0.0012271277, 0.96496, -0.26239085, -0.4240111, 0.53514487, 0.08193259)

[node name="LeftHandSlot" parent="RigYawPivot/Skeleton_Warrior_Rig/Rig_Medium/GeneralSkeleton" index="11" unique_id=695146928]
transform = Transform3D(-0.00014804851, 0.26261654, 0.9649004, 0.99999803, -0.001441269, 0.0005462814, 0.0015344793, 0.9648985, -0.26261613, 0.42549083, 0.5378541, 0.08686118)

[node name="VisionComponent" parent="." index="5" unique_id=1623844984 node_paths=PackedStringArray("rig_yaw_pivot")]
rig_yaw_pivot = NodePath("../RigYawPivot")

[node name="CombatComponent" parent="." index="7" unique_id=361524145 node_paths=PackedStringArray("character", "meleeComponent")]
character = NodePath("../CharacterContext")
meleeComponent = NodePath("../MeleeComponent")
activeCoolDown = true

[node name="MeleeComponent" parent="." index="8" unique_id=733076158 node_paths=PackedStringArray("combatComponent", "character") instance=ExtResource("4_x70ru")]
combatComponent = NodePath("../CombatComponent")
character = NodePath("../CharacterContext")

[editable path="RigYawPivot/Skeleton_Warrior_Rig"]
